cam0:
  T_cam_imu:
  - [-0.999458897806425, -0.01134808856879909, -0.03087284375302335, 0.00312703203492797]
  - [-0.03084105268013932, -0.0029658932866017096, 0.9995199012258793, 0.02114647378398008]
  - [-0.011434205925414003, 0.9999312098153779, 0.002614301437869201, -0.030492810561949878]
  - [0.0, 0.0, 0.0, 1.0]
  cam_overlaps: []
  camera_model: omni
  distortion_coeffs: [-1.7703247064868977, -112.89277859851285, 0.008395793203591488,
    -0.006651134868781253]
  distortion_model: radtan
  intrinsics: [9.441814434616541, 5756.453859322548, 5757.9543874402825, 392.043658138653,
    259.14796601551024]
  resolution: [752, 480]
  rostopic: /cam0/image_raw
  timeshift_cam_imu: -0.022376220850829062
