cam0:
  T_cam_imu:
  - [-0.999897884194054, -0.014271730474259033, -0.000734093675503528, -0.0012307943137258002]
  - [-0.0006437328786229116, -0.006335016598707976, 0.9999797263808277, 0.006240363936017114]
  - [-0.01427609163024979, 0.9998780852053735, 0.006325182511241223, -0.05218335325100424]
  - [0.0, 0.0, 0.0, 1.0]
  cam_overlaps: []
  camera_model: pinhole
  distortion_coeffs: [0.03452724578861431, -0.031123349655095868, -7.591550595724006e-05,
    0.0019221583490141813]
  distortion_model: radtan
  intrinsics: [442.99584899845615, 441.96294832741086, 377.83478055031213, 195.82882684251308]
  resolution: [752, 480]
  rostopic: /cam0/image_raw
  timeshift_cam_imu: 0.046430552555949856
