cam0:
  cam_overlaps: []
  camera_model: pinhole
  distortion_coeffs: [0.03452724578861431, -0.031123349655095868, -7.591550595724006e-05,
    0.0019221583490141813]
  distortion_model: radtan
  intrinsics: [442.99584899845615, 441.96294832741086, 377.83478055031213, 195.82882684251308]
  resolution: [752, 480]
  rostopic: /cam0/image_raw
